logN            Higgs        VBF     WHminus     WHplus      WH      ZH      ggH     ggZZ    qqZZ    ZPlusX      HZZd_M*        ppZZd4l_M*      HZZd_M25        HZZd_M30    HZZd_M4     HZZd_M7     HToZdZd_M*      ZZ      WWZ     ttZ 
# ________________________________________________________________________________________ ||
CMS_eff_m       0.032        0.032   0.032       0.032       0.032   0.032   0.032   0.032   0.032   0.032       0.032          0.032           0.032           0.032       0.032       0.032       0.032           0.032   0.032   0.032
# ________________________________________________________________________________________ ||
CMS_eff_e       0.061        0.061   0.061       0.061       0.061   0.061   0.061   0.061   0.061   0.061       0.061          0.061           0.061           0.061       0.061       0.061       0.061           0.061   0.061   0.061
# ________________________________________________________________________________________ ||
CMS_scale_e     0.060        0.060   0.060       0.060       0.060   0.060   0.060   0.060   0.060   0.060       0.060          0.060           0.060           0.060       0.060       0.060       0.060           0.060   0.060   0.060
# ________________________________________________________________________________________ ||
#CMS_res_e       0.020        0.020   0.020       0.020       0.020   0.020   0.020   0.020   0.020   0.020       0.020           0.020           0.020           0.020       0.020       0.020       0.020
#CMS_scale_m     0.005        0.005   0.005       0.005       0.005   0.005   0.005   0.005   0.005   0.005       0.005           0.005           0.005           0.005       0.005       0.005       0.005
#CMS_res_m       0.020        0.020   0.020       0.020       0.020   0.020   0.020   0.020   0.020   0.020       0.020           0.020           0.020           0.020       0.020       0.020       0.020
